============MAP============
---------Stemming---------
0.080614183794
---------NoStemming---------
0.0764028162615

============11 Points precision recall curve============

---------Stemming---------
[ 0.70707071  0.55353535  0.36125966  0.24531025  0.16512956  0.11155269
  0.08124862  0.06388535  0.05194805  0.04432012  0.        ]

---------NoStemming---------
[ 0.67676768  0.5010101   0.32429559  0.21191077  0.13842125  0.09311295
  0.07174812  0.0587355   0.04944318  0.04350969  0.        ]

============Precision@10============

---------Stemming---------
1 ; 0.1
2 ; 0.2
3 ; 0.4
4 ; 0.2
5 ; 0.7
6 ; 0.4
7 ; 0.4
8 ; 0.2
9 ; 0.3
10 ; 0.4
11 ; 1.0
12 ; 0.0
13 ; 0.4
14 ; 0.4
15 ; 0.8
16 ; 0.6
17 ; 0.4
18 ; 0.8
19 ; 0.1
20 ; 0.8
21 ; 0.5
22 ; 0.7
23 ; 0.1
24 ; 0.2
25 ; 0.4
26 ; 0.6
27 ; 0.2
28 ; 0.5
29 ; 0.4
30 ; 0.4
31 ; 0.7
32 ; 0.3
33 ; 0.8
34 ; 0.6
35 ; 0.5
36 ; 0.1
37 ; 0.8
38 ; 0.5
39 ; 0.6
40 ; 0.3
41 ; 0.4
42 ; 0.6
43 ; 0.7
44 ; 0.7
45 ; 0.4
46 ; 0.5
47 ; 0.2
48 ; 0.3
49 ; 0.7
50 ; 0.5
51 ; 0.8
52 ; 0.1
53 ; 0.3
54 ; 1.0
55 ; 0.2
56 ; 0.3
57 ; 0.7
58 ; 0.8
59 ; 0.3
60 ; 0.2
61 ; 0.9
62 ; 0.6
63 ; 0.3
64 ; 0.3
65 ; 0.4
66 ; 0.4
67 ; 0.3
68 ; 0.5
69 ; 0.4
70 ; 0.3
71 ; 0.3
72 ; 0.6
73 ; 0.4
74 ; 0.2
75 ; 0.7
76 ; 0.5
77 ; 0.2
78 ; 0.4
79 ; 0.4
80 ; 0.4
81 ; 0.7
82 ; 0.5
83 ; 0.5
84 ; 0.5
85 ; 0.1
86 ; 0.4
87 ; 0.1
88 ; 0.3
89 ; 0.5
90 ; 1.0
91 ; 0.8
92 ; 0.9
94 ; 0.6
95 ; 0.2
96 ; 0.2
97 ; 0.4
98 ; 0.3
99 ; 0.3
100 ; 0.3

---------NoStemming---------
1 ; 0.1
2 ; 0.2
3 ; 0.3
4 ; 0.1
5 ; 0.8
6 ; 0.6
7 ; 0.3
8 ; 0.2
9 ; 0.2
10 ; 0.4
11 ; 1.0
12 ; 0.0
13 ; 0.4
14 ; 0.5
15 ; 0.6
16 ; 0.6
17 ; 0.5
18 ; 0.7
19 ; 0.1
20 ; 0.9
21 ; 0.5
22 ; 0.7
23 ; 0.2
24 ; 0.4
25 ; 0.3
26 ; 0.6
27 ; 0.2
28 ; 0.6
29 ; 0.2
30 ; 0.2
31 ; 0.7
32 ; 0.3
33 ; 0.8
34 ; 0.5
35 ; 0.5
36 ; 0.1
37 ; 0.8
38 ; 0.1
39 ; 0.6
40 ; 0.3
41 ; 0.4
42 ; 0.6
43 ; 0.9
44 ; 0.7
45 ; 0.3
46 ; 0.4
47 ; 0.1
48 ; 0.2
49 ; 0.7
50 ; 0.5
51 ; 0.7
52 ; 0.1
53 ; 0.3
54 ; 1.0
55 ; 0.1
56 ; 0.2
57 ; 0.7
58 ; 0.8
59 ; 0.3
60 ; 0.2
61 ; 0.9
62 ; 0.7
63 ; 0.3
64 ; 0.3
65 ; 0.5
66 ; 0.3
67 ; 0.4
68 ; 0.1
69 ; 0.4
70 ; 0.3
71 ; 0.3
72 ; 0.6
73 ; 0.4
74 ; 0.3
75 ; 0.7
76 ; 0.4
77 ; 0.2
78 ; 0.1
79 ; 0.4
80 ; 0.4
81 ; 0.6
82 ; 0.2
83 ; 0.4
84 ; 0.6
85 ; 0.0
86 ; 0.5
87 ; 0.1
88 ; 0.2
89 ; 0.4
90 ; 0.9
91 ; 0.7
92 ; 0.8
94 ; 0.3
95 ; 0.3
96 ; 0.2
97 ; 0.4
98 ; 0.3
99 ; 0.3
100 ; 0.3

============DCG============

---------Stemming---------
1 ; 27.3883422313
2 ; 3.13179284012
3 ; 39.0950102627
4 ; 21.9112108214
5 ; 86.1087537037
6 ; 17.8533802732
7 ; 27.746465705
8 ; 8.72682910869
9 ; 24.3679711321
10 ; 47.6438312957
11 ; 40.5671692783
12 ; 4.56015010767
13 ; 32.2134240455
14 ; 68.7222109655
15 ; 103.195153588
16 ; 110.765377919
17 ; 45.5176954468
18 ; 27.8161199495
19 ; 26.4013920389
20 ; 106.643154219
21 ; 47.4563456769
22 ; 55.2226984518
23 ; 27.4933499501
24 ; 23.8974766217
25 ; 51.8304342105
26 ; 58.3830581422
27 ; 26.6120260184
28 ; 38.0917076831
29 ; 43.3620165802
30 ; 23.1122304176
31 ; 101.316195196
32 ; 32.7884279738
33 ; 104.683957622
34 ; 79.9604038624
35 ; 16.9977563951
36 ; 9.94040285823
37 ; 187.517143373
38 ; 59.3132101089
39 ; 111.114794996
40 ; 83.8312071882
41 ; 32.10166411
42 ; 65.8967594874
43 ; 64.9757464773
44 ; 208.035758182
45 ; 36.4628174491
46 ; 47.4536972455
47 ; 38.8197261331
48 ; 30.3359716964
49 ; 74.5266340269
50 ; 59.1933969856
51 ; 289.053993467
52 ; 15.1626083123
53 ; 34.075386651
54 ; 113.793451254
55 ; 16.0489298719
56 ; 14.2500494884
57 ; 50.983606294
58 ; 138.32768867
59 ; 115.002694764
60 ; 30.0454267047
61 ; 85.7307861081
62 ; 71.5013280315
63 ; 27.6810866247
64 ; 37.741459109
65 ; 93.0409053315
66 ; 36.3276681519
67 ; 14.3023692268
68 ; 32.6107791933
69 ; 45.9415586136
70 ; 48.646490472
71 ; 7.10864508601
72 ; 22.470681014
73 ; 54.6955220277
74 ; 27.0763556723
75 ; 30.5090316934
76 ; 33.7029606903
77 ; 74.0518777653
78 ; 46.4577908107
79 ; 34.1974743565
80 ; 38.2437427711
81 ; 38.2734815752
82 ; 66.8899931754
83 ; 41.3212298738
84 ; 11.5609828899
85 ; 14.6349250421
86 ; 36.2691684663
87 ; 26.1738388584
88 ; 19.4460298281
89 ; 30.5024641257
90 ; 66.1550070645
91 ; 194.339780328
92 ; 94.3128044896
94 ; 65.8352517344
95 ; 20.9666505405
96 ; 24.7118435648
97 ; 27.421303838
98 ; 14.5189822851
99 ; 33.1398740575
100 ; 39.2179805417

---------NoStemming---------
1 ; 27.7943853
2 ; 3.14984824926
3 ; 38.572063873
4 ; 11.5300711138
5 ; 85.4528375298
6 ; 18.0922271401
7 ; 27.6894394234
8 ; 8.41592928396
9 ; 24.8681008515
10 ; 46.5545542148
11 ; 39.1338292203
12 ; 4.46348480309
13 ; 29.541521301
14 ; 67.5803700029
15 ; 87.4109950593
16 ; 106.383373527
17 ; 47.4771460557
18 ; 28.5658214545
19 ; 25.8180166862
20 ; 101.479174086
21 ; 46.1033342712
22 ; 52.3283325086
23 ; 33.1873306635
24 ; 24.8248643482
25 ; 42.2194599904
26 ; 60.8223838624
27 ; 26.5797729175
28 ; 42.7887671529
29 ; 37.2582562758
30 ; 22.0080478643
31 ; 97.6552527501
32 ; 32.9061600697
33 ; 95.3621789109
34 ; 78.4850692744
35 ; 15.1140706328
36 ; 9.99831372157
37 ; 178.638783458
38 ; 27.3327184963
39 ; 106.444363656
40 ; 82.9156154626
41 ; 31.8030666744
42 ; 65.5121287947
43 ; 74.5319009674
44 ; 213.848139835
45 ; 36.9221487412
46 ; 48.4061114591
47 ; 32.5241260312
48 ; 28.6749454711
49 ; 71.4566186526
50 ; 56.4684541927
51 ; 272.067616839
52 ; 15.1568617749
53 ; 33.7352435612
54 ; 113.778391817
55 ; 13.8989674349
56 ; 10.8194513566
57 ; 51.441562583
58 ; 142.351306417
59 ; 112.820278257
60 ; 37.1527203935
61 ; 85.122271551
62 ; 71.7073010717
63 ; 26.1121702942
64 ; 39.3731150627
65 ; 89.5716916989
66 ; 39.1493771286
67 ; 13.9578916419
68 ; 21.2697803204
69 ; 43.8191635722
70 ; 47.8688320932
71 ; 6.6053244875
72 ; 22.5586134881
73 ; 49.3249963492
74 ; 27.2100049432
75 ; 32.1967089493
76 ; 31.810687757
77 ; 72.6969657801
78 ; 40.7885376789
79 ; 28.4079179973
80 ; 37.2977370906
81 ; 36.9608074533
82 ; 42.2556598025
83 ; 41.5554039102
84 ; 12.3013448458
85 ; 12.1747404341
86 ; 36.6627767803
87 ; 25.5893261446
88 ; 17.1842462129
89 ; 32.0626764672
90 ; 65.6485944412
91 ; 193.581255687
92 ; 88.2457851183
94 ; 42.5896088191
95 ; 21.032331015
96 ; 25.3575180964
97 ; 20.4747809651
98 ; 15.9996871472
99 ; 33.1409901485
100 ; 39.0966247607

============nDCG============

---------Stemming---------
1 ; 0.456472370521
2 ; 0.313179284012
3 ; 0.57492662151
4 ; 1.15322162218
5 ; 0.394994283045
6 ; 0.525099419801
7 ; 0.660630135832
8 ; 0.26444936693
9 ; 1.2183985566
10 ; 0.744434863995
11 ; 1.04018382765
12 ; 0.32572500769
13 ; 0.700291827077
14 ; 0.545414372742
15 ; 0.491405493277
16 ; 0.357307670707
17 ; 0.561946857368
18 ; 0.678441949988
19 ; 0.440023200649
20 ; 0.860025437251
21 ; 1.05458545949
22 ; 0.397285600372
23 ; 0.343666874376
24 ; 0.412025458994
25 ; 0.5235397395
26 ; 0.703410339063
27 ; 1.33060130092
28 ; 0.448137737449
29 ; 0.466258242797
30 ; 0.660349440503
31 ; 0.723687108542
32 ; 0.712791912474
33 ; 0.753121997278
34 ; 0.908640952981
35 ; 0.65375986135
36 ; 0.621275178639
37 ; 0.681880521356
38 ; 0.624349580094
39 ; 0.364310803267
40 ; 0.33398887326
41 ; 0.944166591471
42 ; 0.766241389388
43 ; 0.396193576081
44 ; 0.522702910005
45 ; 0.775804626577
46 ; 1.00965313288
47 ; 0.366223831445
48 ; 0.459635934794
49 ; 0.876783929728
50 ; 1.00327791501
51 ; 0.463227553633
52 ; 3.03252166245
53 ; 0.774440605706
54 ; 0.693862507647
55 ; 0.32752918106
56 ; 0.316667766409
57 ; 0.494986468874
58 ; 0.564602810896
59 ; 0.363932578367
60 ; 0.411581187736
61 ; 0.714423217567
62 ; 0.300425748032
63 ; 0.413150546637
64 ; 0.465943939618
65 ; 0.447312044863
66 ; 0.3526958073
67 ; 0.52971737877
68 ; 0.429089199912
69 ; 1.06840833985
70 ; 1.0134685515
71 ; 0.789849454001
72 ; 0.898827240562
73 ; 1.11623514342
74 ; 1.69227222952
75 ; 0.709512364963
76 ; 1.08719228033
77 ; 0.459949551337
78 ; 0.346699931423
79 ; 0.432879422234
80 ; 0.597558480798
81 ; 0.781091460718
82 ; 0.608090847049
83 ; 0.765207960626
84 ; 0.502651429994
85 ; 0.286959314551
86 ; 0.407518746812
87 ; 0.32717298573
88 ; 0.694501065289
89 ; 0.897131297816
90 ; 1.00234859189
91 ; 0.314465663962
92 ; 0.462317669066
94 ; 0.693002649836
95 ; 1.31041565878
96 ; 0.915253465364
97 ; 1.30577637324
98 ; 0.453718196411
99 ; 1.94940435632
100 ; 1.26509614651

---------NoStemming---------
1 ; 0.463239754999
2 ; 0.314984824926
3 ; 0.567236233426
4 ; 0.606845848093
5 ; 0.391985493256
6 ; 0.53212432765
7 ; 0.659272367224
8 ; 0.25502816012
9 ; 1.24340504258
10 ; 0.727414909607
11 ; 1.00343151847
12 ; 0.318820343078
13 ; 0.642206984805
14 ; 0.536352142881
15 ; 0.416242833616
16 ; 0.343172172669
17 ; 0.586137605626
18 ; 0.69672735255
19 ; 0.430300278103
20 ; 0.818380436174
21 ; 1.02451853936
22 ; 0.376462823803
23 ; 0.414841633294
24 ; 0.428014902555
25 ; 0.426459191823
26 ; 0.732799805571
27 ; 1.32898864588
28 ; 0.503397260622
29 ; 0.400626411568
30 ; 0.628801367552
31 ; 0.697537519643
32 ; 0.715351305864
33 ; 0.686058841086
34 ; 0.891875787209
35 ; 0.581310408955
36 ; 0.624894607598
37 ; 0.649595576211
38 ; 0.287712826277
39 ; 0.348997913625
40 ; 0.330341097461
41 ; 0.935384313954
42 ; 0.761768939473
43 ; 0.454462810777
44 ; 0.537306884008
45 ; 0.785577632791
46 ; 1.02991726509
47 ; 0.306831377653
48 ; 0.434468870775
49 ; 0.840666101796
50 ; 0.957092443944
51 ; 0.436005796216
52 ; 3.03137235497
53 ; 0.766710080937
54 ; 0.69377068181
55 ; 0.28365239663
56 ; 0.240432252368
57 ; 0.499432646437
58 ; 0.581025740476
59 ; 0.357026197016
60 ; 0.508941375253
61 ; 0.709352262925
62 ; 0.301291180974
63 ; 0.389733884989
64 ; 0.48608784028
65 ; 0.430633133168
66 ; 0.380091040083
67 ; 0.516958949699
68 ; 0.279865530532
69 ; 1.01905031563
70 ; 0.997267335276
71 ; 0.733924943056
72 ; 0.902344539525
73 ; 1.00663257856
74 ; 1.70062530895
75 ; 0.74876067324
76 ; 1.02615121797
77 ; 0.451533948944
78 ; 0.304392072231
79 ; 0.3595938987
80 ; 0.58277714204
81 ; 0.754302192924
82 ; 0.384142361841
83 ; 0.769544516856
84 ; 0.53484108025
85 ; 0.238720400668
86 ; 0.411941312138
87 ; 0.319866576807
88 ; 0.613723079032
89 ; 0.943019896094
90 ; 0.994675673351
91 ; 0.31323827781
92 ; 0.432577378031
94 ; 0.44831167178
95 ; 1.31452068844
96 ; 0.939167336903
97 ; 0.974989569766
98 ; 0.499990223351
99 ; 1.94947000874
100 ; 1.26118144389

============F1============

---------Stemming---------
1 ; 0.0544435548439
2 ; 0.0114566284779
3 ; 0.0683624801272
4 ; 0.0147058823529
5 ; 0.190193164933
6 ; 0.0387409200969
7 ; 0.0450522928399
8 ; 0.0355699272433
9 ; 0.0163265306122
10 ; 0.0403225806452
11 ; 0.0339531123686
12 ; 0.0114566284779
13 ; 0.0387409200969
14 ; 0.0866141732283
15 ; 0.153146322972
16 ; 0.243727598566
17 ; 0.0724409448819
18 ; 0.0339805825243
19 ; 0.0355699272433
20 ; 0.0729579698652
21 ; 0.0370967741935
22 ; 0.104280155642
23 ; 0.056
24 ; 0.0497592295345
25 ; 0.0805687203791
26 ; 0.0528846153846
27 ; 0.0179445350734
28 ; 0.0758293838863
29 ; 0.0683081810961
30 ; 0.0275974025974
31 ; 0.0785545954438
32 ; 0.0449799196787
33 ; 0.0880503144654
34 ; 0.0606060606061
35 ; 0.0227827502034
36 ; 0.0147058823529
37 ; 0.146230007616
38 ; 0.0820189274448
39 ; 0.232389251997
40 ; 0.210139603233
41 ; 0.0243902439024
42 ; 0.0729001584786
43 ; 0.147753236862
44 ; 0.205166051661
45 ; 0.0323886639676
46 ; 0.029197080292
47 ; 0.0941176470588
48 ; 0.0465863453815
49 ; 0.0559552358114
50 ; 0.0403225806452
51 ; 0.32967032967
52 ; 0.00328677074774
53 ; 0.0371567043619
54 ; 0.0971025841817
55 ; 0.0387409200969
56 ; 0.0513231756215
57 ; 0.0805687203791
58 ; 0.145038167939
59 ; 0.213235294118
60 ; 0.0544435548439
61 ; 0.104280155642
62 ; 0.206033848418
63 ; 0.0622009569378
64 ; 0.0790513833992
65 ; 0.140565317036
66 ; 0.0985915492958
67 ; 0.0227827502034
68 ; 0.0698412698413
69 ; 0.0243902439024
70 ; 0.0275974025974
71 ; 0.00982800982801
72 ; 0.0211726384365
73 ; 0.029197080292
74 ; 0.0114566284779
75 ; 0.0339805825243
76 ; 0.0243506493506
77 ; 0.109483423285
78 ; 0.116099071207
79 ; 0.0635930047695
80 ; 0.0544435548439
81 ; 0.0402252614642
82 ; 0.0908379013312
83 ; 0.0513231756215
84 ; 0.0259951259139
85 ; 0.0497592295345
86 ; 0.0744849445325
87 ; 0.0606544293695
88 ; 0.0227827502034
89 ; 0.0275974025974
90 ; 0.0434432823813
91 ; 0.391046741277
92 ; 0.171385991058
94 ; 0.0683624801272
95 ; 0.0147058823529
96 ; 0.0195599022005
97 ; 0.0179445350734
98 ; 0.0227642276423
99 ; 0.00819672131148
100 ; 0.0179445350734

---------NoStemming---------
1 ; 0.0544435548439
2 ; 0.0114566284779
3 ; 0.0683624801272
4 ; 0.0147058823529
5 ; 0.190193164933
6 ; 0.0387409200969
7 ; 0.0450522928399
8 ; 0.0355699272433
9 ; 0.0163265306122
10 ; 0.0403225806452
11 ; 0.0339531123686
12 ; 0.0114566284779
13 ; 0.0387409200969
14 ; 0.0866141732283
15 ; 0.153146322972
16 ; 0.243727598566
17 ; 0.0724409448819
18 ; 0.0339805825243
19 ; 0.0355699272433
20 ; 0.0729579698652
21 ; 0.0370967741935
22 ; 0.104280155642
23 ; 0.056
24 ; 0.0497592295345
25 ; 0.0805687203791
26 ; 0.0528846153846
27 ; 0.0179445350734
28 ; 0.0758293838863
29 ; 0.0683081810961
30 ; 0.0275974025974
31 ; 0.0785545954438
32 ; 0.0449799196787
33 ; 0.0880503144654
34 ; 0.0606060606061
35 ; 0.0227827502034
36 ; 0.0147058823529
37 ; 0.146230007616
38 ; 0.0820189274448
39 ; 0.232389251997
40 ; 0.210139603233
41 ; 0.0243902439024
42 ; 0.0729001584786
43 ; 0.147753236862
44 ; 0.205166051661
45 ; 0.0323886639676
46 ; 0.029197080292
47 ; 0.0941176470588
48 ; 0.0465863453815
49 ; 0.0559552358114
50 ; 0.0403225806452
51 ; 0.32967032967
52 ; 0.00328677074774
53 ; 0.0371567043619
54 ; 0.0971025841817
55 ; 0.0387409200969
56 ; 0.0513231756215
57 ; 0.0805687203791
58 ; 0.145038167939
59 ; 0.213235294118
60 ; 0.0544435548439
61 ; 0.104280155642
62 ; 0.206033848418
63 ; 0.0622009569378
64 ; 0.0790513833992
65 ; 0.140565317036
66 ; 0.0985915492958
67 ; 0.0227827502034
68 ; 0.0698412698413
69 ; 0.0243902439024
70 ; 0.0275974025974
71 ; 0.00982800982801
72 ; 0.0211726384365
73 ; 0.029197080292
74 ; 0.0114566284779
75 ; 0.0339805825243
76 ; 0.0243506493506
77 ; 0.109483423285
78 ; 0.116099071207
79 ; 0.0635930047695
80 ; 0.0544435548439
81 ; 0.0402252614642
82 ; 0.0908379013312
83 ; 0.0513231756215
84 ; 0.0259951259139
85 ; 0.0497592295345
86 ; 0.0744849445325
87 ; 0.0606544293695
88 ; 0.0227827502034
89 ; 0.0275974025974
90 ; 0.0434432823813
91 ; 0.391046741277
92 ; 0.171385991058
94 ; 0.0683624801272
95 ; 0.0147058823529
96 ; 0.0195599022005
97 ; 0.0179445350734
98 ; 0.0227642276423
99 ; 0.00819672131148
100 ; 0.0179445350734
